.Random.seed <-
c(403L, 96L, -552511329L, 1550762797L, 1286150588L, -1910587805L, 
-537176635L, 1177270754L, -1028691500L, 1704617129L, 926305739L, 
-1531915843L, 7724374L, -917507623L, -1585245818L, -4768730L, 
-113234260L, -1638061517L, 1802293515L, 1801002520L, -1461611773L, 
1415007436L, 2085823798L, 1676872377L, -139122404L, 337127041L, 
-1370302335L, -860979362L, -1062912637L, 1777718250L, 1587522101L, 
860487005L, -1458371793L, -2004359290L, 641547498L, 1678642672L, 
-1053074957L, -2029319411L, -2092032267L, -212039601L, 2012941023L, 
1195761152L, -254001287L, 773848158L, 661100338L, 1713052955L, 
2017634204L, -836713280L, 846583868L, -1569192589L, 1049418894L, 
1773302697L, -1113610423L, -1628057434L, -1020875469L, 720688806L, 
-18222678L, -1211294683L, 1090354945L, -428009137L, 1670740023L, 
-948173338L, 27470856L, 1440965222L, 755556386L, -220065214L, 
112950250L, 975317605L, -70337629L, 1548873874L, -711638302L, 
-634327104L, -1656003551L, 851921885L, 716189292L, 801117131L, 
-750619382L, -1671331087L, -880238262L, -1341122385L, 1229722183L, 
1723879144L, 1784796768L, -1441913044L, 576266411L, -1546407034L, 
1845408638L, 1104540560L, -1344039621L, -1357960787L, -1901923617L, 
-2029462021L, -2003311812L, 31638986L, -2006451304L, -707597788L, 
1984557771L, -777675130L, 444495939L, -2091117901L, 340526217L, 
1228403360L, 100358240L, 848733327L, -42638512L, -1004961865L, 
984692206L, 1326400877L, 525029935L, -1784044512L, -1848431652L, 
-1946688899L, 564999586L, 1952415953L, 2072473515L, 163401932L, 
2117896537L, 172044047L, 731917303L, 884153536L, 872002415L, 
-2045700136L, -1849454033L, 1767123418L, 109510925L, -80391774L, 
-833331537L, -1444229052L, -953103560L, 1876950594L, -1164913407L, 
163578878L, -710067671L, -304890219L, 2072102251L, -1549282800L, 
-735939116L, -918070029L, -1080788496L, -959625005L, -461098971L, 
-934526004L, 1665617273L, 581449725L, -1634139604L, -1966587707L, 
-2097311745L, 386800718L, 1170164861L, 949714481L, 59202775L, 
-1496258636L, 967064521L, -1399491470L, -356330203L, -2032545665L, 
207196347L, -339204639L, 1137260743L, -1038753358L, 232804182L, 
1952618370L, -1577770247L, 1595927419L, 1205965546L, 425658345L, 
830566087L, -1525560619L, 1928523409L, 1100354039L, -428138377L, 
1466017545L, 1662431496L, 303112879L, -1525445971L, -2091571827L, 
-548805334L, -1753504411L, -481525578L, 1259020305L, -911978097L, 
1903669125L, -126497567L, -1643079655L, -1836118439L, 2131218772L, 
1518808129L, -1013970690L, -1665153065L, -1136045398L, -229287218L, 
-1847552527L, 736545272L, 1832763995L, 1635430180L, -1522317008L, 
1535691805L, -533374590L, 1122951231L, -1977853098L, -1728897801L, 
319506673L, 867350344L, -33715784L, 1379430357L, 635477847L, 
1826303786L, 2093716255L, 463763923L, 914515303L, 1879153637L, 
-698349005L, 438769501L, -1112666311L, -796387196L, 231003069L, 
-1409886775L, -148387437L, -935502613L, 910017615L, 1655982637L, 
834275251L, 951624494L, -832166627L, -1198423993L, 1035209315L, 
-1337919494L, 1355230966L, 179113384L, 1641618812L, -2065097021L, 
-429915853L, -1306739316L, 350672200L, 325324400L, -1540008340L, 
-1648916173L, 890903396L, 1302678285L, -2048668797L, -603264137L, 
2047070777L, -884952035L, 149878428L, 1570128020L, 176667331L, 
-1098127330L, 993964938L, 1536347396L, 1438271473L, -854396183L, 
-75783601L, -166779394L, -1606161510L, -234937386L, -914005878L, 
-1434541789L, -1927348590L, -1137021577L, 41515664L, 1772978615L, 
1219316723L, 1112198111L, -179656291L, 702693617L, -59895149L, 
63385370L, 1658109510L, -429850678L, -377700126L, 946431707L, 
-640517968L, -957700253L, 1945105972L, 741972586L, 1380550420L, 
-1256611184L, 163475777L, -1536528561L, 38938416L, -1174344006L, 
-1630553628L, -1218158402L, 932563918L, 1484641603L, -1288385156L, 
-1099401831L, -2130065549L, 57803544L, -1696822150L, -977330438L, 
-1773741439L, -35082320L, 622222056L, 1547840792L, 1155311392L, 
1937309531L, 388684047L, 156365630L, -582939669L, -908915623L, 
1120665244L, 60772599L, 2111871493L, -1067218866L, 270410018L, 
2054003007L, 1984497219L, -1633843247L, -1837989410L, -1100778255L, 
-894966323L, -1906477169L, -1205873874L, -2014866222L, -657790270L, 
-1939023706L, 1218451669L, -1178716159L, -541702352L, 1091598420L, 
91453361L, -2010339548L, 333609822L, 332517429L, -11155080L, 
-1906723681L, -427710823L, 2047410347L, 1949304436L, 1483931995L, 
-661111587L, -1583213134L, 936703237L, 1439375616L, -1675894438L, 
-549029645L, -206101829L, -1975581890L, -540097418L, 607829261L, 
-526583189L, -996323798L, 1520616268L, -1520362888L, 742716806L, 
1662757179L, 1706917455L, -69269392L, 1224915803L, -652133953L, 
-98694353L, 201040996L, -1910893899L, -828389936L, -205741165L, 
-63727191L, -616586729L, -1621789393L, 1987757103L, -1974345186L, 
726314134L, 1856155705L, -699544581L, -318874751L, 1033980090L, 
2026871347L, 1518834674L, -1533058254L, 1183677747L, 588253206L, 
-964163932L, -90226818L, 1389485353L, -685409373L, 785743665L, 
-193866955L, -1487397788L, 2112850158L, 744147575L, -429834515L, 
1743264260L, -1369552050L, 958736711L, 12712726L, -1729931643L, 
1661878260L, -1271841268L, 2138379283L, -2097534143L, 1648566090L, 
-881461431L, -2124403224L, 326130780L, -358536349L, 1769483075L, 
-1273487338L, 1212936543L, 201864720L, -1017194094L, -1985505896L, 
2068912935L, 2012913834L, -1866846255L, -395975055L, 975181892L, 
-5219465L, 1538372233L, 1731644366L, -943084182L, 1714824141L, 
956741915L, 1901236477L, 1258609651L, -1399994492L, -622376081L, 
595538991L, 1843072072L, -258381478L, -574558248L, -1006339777L, 
1903850465L, -1979025255L, 992949965L, -1516667609L, 619192547L, 
1197995355L, -103479568L, 1164725748L, -2116391878L, 98147573L, 
-321889397L, -484925028L, 1081408196L, 384105149L, 930470798L, 
1860059001L, 321355978L, 606116034L, 6002645L, -85434817L, 1535582405L, 
-924947504L, 1367001882L, 1982640387L, -500403568L, 1212417094L, 
432362425L, -1694995607L, -2143177033L, 2008302725L, 1792713482L, 
-1465467413L, 401800586L, -1084652453L, 101609020L, 434349717L, 
1712704450L, 1220375424L, -330566136L, -785360681L, 1269679405L, 
-210744969L, -195093346L, -1438445182L, -1973950014L, 668519351L, 
-222631669L, 442639046L, 1152058446L, -209828656L, 80347724L, 
-1731128043L, -419435790L, 120980225L, -874690154L, 1469323256L, 
1158613401L, -844046893L, -899561434L, 1054449781L, -193733936L, 
672334367L, 1954867479L, 304124955L, 313066701L, -338051241L, 
-263704408L, 861368789L, 414469539L, 1330189961L, 1333624082L, 
-409102335L, -760992258L, 550700132L, 1105917626L, -1740358599L, 
2038979379L, 598111742L, 29734213L, 1487032175L, -1846581814L, 
1943282380L, -513484128L, -896888809L, 764978916L, 842936094L, 
-1368188016L, 946816337L, -1364083576L, 1729219924L, -371674343L, 
-746379776L, 1816317570L, -1077249849L, 181938632L, 184023910L, 
-1848522506L, -1404353327L, -615751194L, 1604810716L, -1565923002L, 
541975110L, -1406883271L, -407959769L, -1457260354L, -2014844038L, 
-1858489337L, 914632458L, -1355636313L, -789381808L, -1179110691L, 
929603783L, -1644531590L, 1863681164L, 1634619163L, -276936634L, 
403839959L, 428991220L, 743160523L, -678079487L, 1560602222L, 
654025133L, 1039050444L, 2140829789L, 809746003L, 1636885067L, 
2069264998L, 1530962319L, 1591709704L, 977617328L, 718312380L, 
-2016888506L, 851440127L, 771716047L, 46584664L, 2081379703L, 
932369340L, -155594055L, -1263853692L, 537185157L, -362513114L, 
641711880L, 172396874L, 493208918L, -2122661654L, 1955095489L, 
1495181772L, -2067462447L, -1638880041L, -1076346538L, 482266168L, 
1670260619L, -1452845093L, 1775647834L, 2009441268L, -161159068L, 
-697134961L, 2107046626L, -1818104899L, -1728906034L, -203629034L, 
-1498536033L, 1451311232L, 466912061L, 1867577968L, -420374988L, 
1548212047L, 222147973L, -1035422140L, -1931502782L, -1499478551L, 
410881526L, 890724694L, 410901190L, -1213995266L, 1315073683L, 
138573752L, -813778211L, -916027317L, 346774913L, -958376704L, 
-150099650L, -2010042473L, -734592090L, -1786441190L, 979260276L, 
